8 11
0 0 2 2 3
1 1 4 1 4 5 7
1 -1 5 1 4 5 6 7
2 0 2 2 3
4 0 3 2 3 6
4 -1.5 2 3 5
-3 0 3 2 3 8
-2 0 1 7


4 5
-1 -1 3 2 3 4
1 -1 2 1 4
-1 1 2 1 4
1 1 3 1 2 3


12 23
-3 1 2 2 8
-1 2 5 1 3 5 7 8
0.5 3 3 2 5 4 
2.5 1.65 3 3 5 6
0.5 1.65 5 2 3 4 6 7
2 0.15 4 4 5 7 10
0 0.5 6 2 5 6 8 9 10
-1.5 0.5 4 1 2 7 9
-0.75 -1.5 4 7 8 10 11
1.75 -1.4 5 6 7 9 11 12
0.25 -3 3 9 10 12
2.9 -2.85 2 10 11


11 15
0 0 3 2 3 9
1 1 4 1 4 5 7
1 -1 5 1 4 5 6 7
2 0 2 2 3
4 0 3 2 3 6
4 -1.5 2 3 5
-3 0 3 2 3 8
-2 0 1 7
0.5 0 3 1 10 11
0.75 0.5 2 11 9
0.75 -0.5 2 10 9